165280.0  8.893e-07
165383.3  8.943e-07
165486.6  8.981e-07
165589.9  9.022e-07
165693.2  9.061e-07
165796.5  9.103e-07
165899.8  9.144e-07
166003.1  9.186e-07
166106.4  9.23e-07
166209.7  9.142e-07
166313.0  9.249e-07
166416.3  9.293e-07
166519.6  9.42e-07
166622.9  9.431e-07
166726.2  9.438e-07
166829.5  9.544e-07
166932.8  9.539e-07
167036.1  9.529e-07
167139.4  9.619e-07
167242.7  9.605e-07
167346.0  9.613e-07
167449.3  9.644e-07
167552.6  9.785e-07
167655.9  9.818e-07
167759.2  9.845e-07
167862.5  9.862e-07
167965.8  9.871e-07
168069.1  9.971e-07
168172.4  9.959e-07
168275.7  9.933e-07
168379.0  9.887e-07
168482.3  9.758e-07
168585.6  9.896e-07
168688.9  9.895e-07
168792.2  9.894e-07
168895.5  9.832e-07
168998.8  9.9e-07
169102.1  9.914e-07
169205.4  9.87e-07
169308.7  9.9e-07
169412.0  9.905e-07
169515.3  9.909e-07
169618.6  9.913e-07
169721.9  1.002e-06
169825.2  1.003e-06
169928.5  1.003e-06
170031.8  1.004e-06
170135.1  1.004e-06
170238.4  1.005e-06
170341.7  1.005e-06
170445.0  1.016e-06
170548.3  1.016e-06
170651.6  1.016e-06
170754.9  1.016e-06
170858.2  1.027e-06
170961.5  1.027e-06
171064.8  1.037e-06
171168.1  1.037e-06
171271.4  1.036e-06
171374.7  1.05e-06
171478.0  1.055e-06
171581.3  1.064e-06
171684.6  1.06e-06
171787.9  1.057e-06
171891.2  1.072e-06
171994.5  1.081e-06
172097.8  1.075e-06
172201.1  1.088e-06
172304.4  1.09e-06
172407.7  1.107e-06
172511.0  1.116e-06
172614.3  1.124e-06
172717.6  1.133e-06
172820.9  1.142e-06
172924.2  1.15e-06
173027.5  1.159e-06
173130.8  1.168e-06
173234.1  1.177e-06
173337.4  1.186e-06
173440.7  1.194e-06
173544.0  1.21e-06
173647.3  1.22e-06
173750.6  1.217e-06
173853.9  1.24e-06
173957.2  1.26e-06
174060.5  1.269e-06
174163.8  1.277e-06
174267.1  1.297e-06
174370.4  1.305e-06
174473.7  1.314e-06
174577.0  1.34e-06
174680.3  1.358e-06
174783.6  1.379e-06
174886.9  1.388e-06
174990.2  1.396e-06
175093.5  1.413e-06
175196.8  1.42e-06
175300.1  1.441e-06
175403.4  1.463e-06
175506.7  1.475e-06
175610.0  1.497e-06
175713.3  1.508e-06
175816.6  1.528e-06
175919.9  1.547e-06
176023.2  1.554e-06
176126.5  1.571e-06
176229.8  1.586e-06
176333.1  1.602e-06
176436.4  1.613e-06
176539.7  1.639e-06
176643.0  1.665e-06
176746.3  1.688e-06
176849.6  1.705e-06
176952.9  1.71e-06
177056.2  1.714e-06
177159.5  1.724e-06
177262.8  1.744e-06
177366.1  1.763e-06
177469.4  1.822e-06
177572.7  1.848e-06
177676.0  1.877e-06
177779.3  1.891e-06
177882.6  1.902e-06
177985.9  1.921e-06
178089.2  1.922e-06
178192.5  1.887e-06
178295.8  1.898e-06
178399.1  1.908e-06
178502.4  1.929e-06
178605.7  1.94e-06
178709.0  1.951e-06
178812.3  2.006e-06
178915.6  2.055e-06
179018.9  2.073e-06
179122.2  2.078e-06
179225.5  2.065e-06
179328.8  2.038e-06
179432.1  2.049e-06
179535.4  2.06e-06
179638.7  2.081e-06
179742.0  2.147e-06
179845.3  2.185e-06
179948.6  2.201e-06
180051.9  2.177e-06
180155.2  2.164e-06
180258.5  2.185e-06
180361.8  2.251e-06
180465.1  2.316e-06
180568.4  2.353e-06
180671.7  2.383e-06
180775.0  2.407e-06
180878.3  2.426e-06
180981.6  2.452e-06
181084.9  2.485e-06
181188.2  2.511e-06
181291.5  2.536e-06
181394.8  2.495e-06
181498.1  2.533e-06
181601.4  2.58e-06
181704.7  2.628e-06
181808.0  2.702e-06
181911.3  2.804e-06
182014.6  2.867e-06
182117.9  2.929e-06
182221.2  2.974e-06
182324.5  3.034e-06
182427.8  3.088e-06
182531.1  3.14e-06
182634.4  3.21e-06
182737.7  3.275e-06
182841.0  3.349e-06
182944.3  3.404e-06
183047.6  3.433e-06
183150.9  3.517e-06
183254.2  3.602e-06
183357.5  3.695e-06
183460.8  3.789e-06
183564.1  3.911e-06
183667.4  4.11e-06
183770.7  4.283e-06
183874.0  4.443e-06
183977.3  4.588e-06
184080.6  4.735e-06
184183.9  4.873e-06
184287.2  5.029e-06
184390.5  5.2e-06
184493.8  5.382e-06
184597.1  5.589e-06
184700.4  5.812e-06
184803.7  6.073e-06
184907.0  6.358e-06
185010.3  6.65e-06
185113.6  6.916e-06
185216.9  7.275e-06
185320.2  7.701e-06
185423.5  8.134e-06
185526.8  8.779e-06
185630.1  9.43e-06
185733.4  1.011e-05
185836.7  1.095e-05
185940.0  1.177e-05
186043.3  1.265e-05
186146.6  1.338e-05
186249.9  1.408e-05
186353.2  1.529e-05
186456.5  1.649e-05
186559.8  1.785e-05
186663.1  1.945e-05
186766.4  2.127e-05
186869.7  2.36e-05
186973.0  2.601e-05
187076.3  2.983e-05
187179.6  3.436e-05
187282.9  4.017e-05
187386.2  4.016e-05
187489.5  4.141e-05
187592.8  4.061e-05
187696.1  3.966e-05
187799.4  3.841e-05
187902.7  3.708e-05
188006.0  3.547e-05
188109.3  3.404e-05
188212.6  2.441e-05
188315.9  2.955e-05
188419.2  3.169e-05
188522.5  3.265e-05
188625.8  3.249e-05
188729.1  2.369e-05
188832.4  1.165e-05
188935.7  1.43e-05
189039.0  1.122e-05
189142.3  8.964e-06
189245.6  7.249e-06
189348.9  5.916e-06
189452.2  4.949e-06
189555.5  4.201e-06
189658.8  3.617e-06
189762.1  3.174e-06
189865.4  2.233e-06
189968.7  2.671e-06
190072.0  1.955e-06
190175.3  2.225e-06
190278.6  2.554e-06
190381.9  2.774e-06
190485.2  2.849e-06
190588.5  2.705e-06
190691.8  2.323e-06
190795.1  1.77e-06
190898.4  1.198e-06
191001.7  1.283e-06
191105.0  2.265e-06
191208.3  3.362e-06
191311.6  4.284e-06
191414.9  4.884e-06
191518.2  4.898e-06
191621.5  4.002e-06
191724.8  8.544e-07
191828.1  4.137e-07
191931.4  4.415e-07
192034.7  4.735e-07
192138.0  5.061e-07
192241.3  5.44e-07
192344.6  4.724e-06
192447.9  7.168e-06
192551.2  8.232e-06
192654.5  7.953e-06
192757.8  6.348e-06
192861.1  2.625e-06
192964.4  8.805e-07
193067.7  9.245e-07
193171.0  9.588e-07
193274.3  2.22e-06
193377.6  7.044e-06
193480.9  1.023e-05
193584.2  1.267e-05
193687.5  1.451e-05
193790.8  1.591e-05
193894.1  1.695e-05
193997.4  1.761e-05
194100.7  1.794e-05
194204.0  1.795e-05
194307.3  1.773e-05
194410.6  1.735e-05
194513.9  1.695e-05
194617.2  1.69e-05
194720.5  1.731e-05
194823.8  1.81e-05
194927.1  1.927e-05
195030.4  2.076e-05
195133.7  2.221e-05
195237.0  2.389e-05
195340.3  2.564e-05
195443.6  2.752e-05
195546.9  2.925e-05
195650.2  3.092e-05
195753.5  3.242e-05
195856.8  3.345e-05
195960.1  3.398e-05
196063.4  3.323e-05
196166.7  3.075e-05
196270.0  2.578e-05
196373.3  1.673e-05
196476.6  8.603e-06
196579.9  9.36e-06
196683.2  1.019e-05
196786.5  1.842e-05
196889.8  3.458e-05
196993.1  0.0001154
197096.4  0.0002706
197199.7  0.0005038
197303.0  0.0006935
197406.3  0.0008426
197509.6  0.0008877
197612.9  0.0009056
197716.2  0.0008691
197819.5  0.0008133
197922.8  0.0007175
198026.1  0.0005891
198129.4  0.000434
198232.7  0.000236
198336.0  0.0001031
198439.3  5.896e-05
198542.6  2.267e-05
198645.9  5.489e-05
198749.2  6.015e-05
198852.5  5.46e-05
198955.8  0.0001003
199059.1  0.0001423
199162.4  0.0001819
199265.7  0.000218
199369.0  5.022e-05
199472.3  0.0002479
199575.6  0.0002711
199678.9  0.0003065
199782.2  0.0003496
199885.5  0.000407
199988.8  0.0004653
200092.1  0.0005888
200195.4  0.0007319
200298.7  0.0009816
200402.0  0.00128
200505.3  0.001585
200608.6  0.001863
200711.9  0.002095
200815.2  0.002263
200918.5  0.002415
201021.8  0.002524
201125.1  0.002631
201228.4  0.002714
201331.7  0.002796
201435.0  0.002916
201538.3  0.003063
201641.6  0.003287
201744.9  0.003589
201848.2  0.00397
201951.5  0.004483
202054.8  0.00506
202158.1  0.005869
202261.4  0.006723
202364.7  0.007881
202468.0  0.0091
202571.3  0.01064
202674.6  0.01223
202777.9  0.01402
202881.2  0.01601
202984.5  0.0183
203087.8  0.02079
203191.1  0.02348
203294.4  0.02657
203397.7  0.02986
203501.0  0.03394
203604.3  0.03812
203707.6  0.04318
203810.9  0.04845
203914.2  0.0546
204017.5  0.06084
204120.8  0.06778
204224.1  0.07513
204327.4  0.08297
204430.7  0.09151
204534.0  0.1003
204637.3  0.1113
204740.6  0.1222
204843.9  0.1342
204947.2  0.1461
205050.5  0.1581
205153.8  0.1701
205257.1  0.1801
205360.4  0.1901
205463.7  0.1992
205567.0  0.2073
205670.3  0.2144
205773.6  0.2215
205876.9  0.2275
205980.2  0.2336
206083.5  0.2386
206186.8  0.2427
206290.1  0.2447
206393.4  0.2468
206496.7  0.2468
206600.0  0.2469
206703.3  0.2459
206806.6  0.2459
206909.9  0.246
207013.2  0.246
207116.5  0.247
207219.8  0.2481
207323.1  0.2491
207426.4  0.2501
207529.7  0.2511
207633.0  0.2511
207736.3  0.2512
207839.6  0.2522
207942.9  0.2542
208046.2  0.2572
208149.5  0.2602
208252.8  0.2642
208356.1  0.2672
208459.4  0.2701
208562.7  0.2721
208666.0  0.2721
208769.3  0.2731
208872.6  0.2721
208975.9  0.2721
209079.2  0.2711
209182.5  0.2701
209285.8  0.2692
209389.1  0.2692
209492.4  0.2672
209595.7  0.2652
209699.0  0.2632
209802.3  0.2612
209905.6  0.2592
210008.9  0.2582
210112.2  0.2582
210215.5  0.2582
210318.8  0.2601
210422.1  0.2621
210525.4  0.2651
210628.7  0.2671
210732.0  0.2691
210835.3  0.2701
210938.6  0.2711
211041.9  0.2721
211145.2  0.2731
211248.5  0.2751
211351.8  0.2771
211455.1  0.2801
211558.4  0.2821
211661.7  0.2851
211765.0  0.2851
211868.3  0.2861
211971.6  0.2851
212074.9  0.2841
212178.2  0.2821
212281.5  0.2811
212384.8  0.2801
212488.1  0.2791
212591.4  0.2791
212694.7  0.2791
212798.0  0.2781
212901.3  0.2771
213004.6  0.2761
213107.9  0.2741
213211.2  0.2731
213314.5  0.2711
213417.8  0.2711
213521.1  0.2721
213624.4  0.2741
213727.7  0.2771
213831.0  0.2791
213934.3  0.2811
214037.6  0.2821
214140.9  0.2821
214244.2  0.2811
214347.5  0.2791
214450.8  0.2771
214554.1  0.2751
214657.4  0.2731
214760.7  0.2731
214864.0  0.2731
214967.3  0.2741
215070.6  0.2741
215173.9  0.2751
215277.2  0.2761
215380.5  0.2761
215483.8  0.2751
215587.1  0.2751
215690.4  0.2751
215793.7  0.2751
215897.0  0.2761
216000.3  0.2761
216103.6  0.2771
216206.9  0.2771
216310.2  0.2771
216413.5  0.2751
216516.8  0.2731
216620.1  0.2711
216723.4  0.2681
216826.7  0.2651
216930.0  0.2641
217033.3  0.2621
217136.6  0.2631
217239.9  0.2631
217343.2  0.2651
217446.5  0.2671
217549.8  0.2681
217653.1  0.2701
217756.4  0.2721
217859.7  0.2731
217963.0  0.2751
218066.3  0.2771
218169.6  0.2791
218272.9  0.2821
218376.2  0.2851
218479.5  0.288
218582.8  0.291
218686.1  0.293
218789.4  0.295
218892.7  0.295
218996.0  0.295
219099.3  0.295
219202.6  0.295
219305.9  0.296
219409.2  0.296
219512.5  0.297
219615.8  0.299
219719.1  0.3
219822.4  0.3
219925.7  0.3
220029.0  0.298
220132.3  0.296
220235.6  0.293
220338.9  0.289
220442.2  0.287
220545.5  0.284
220648.8  0.282
220752.1  0.281
220855.4  0.28
220958.7  0.279
221062.0  0.278
221165.3  0.277
221268.6  0.276
221371.9  0.274
221475.2  0.273
221578.5  0.272
221681.8  0.272
221785.1  0.274
221888.4  0.276
221991.7  0.279
222095.0  0.283
222198.3  0.287
222301.6  0.29
222404.9  0.293
222508.2  0.295
222611.5  0.296
222714.8  0.297
222818.1  0.297
222921.4  0.297
223024.7  0.297
223128.0  0.297
223231.3  0.297
223334.6  0.297
223437.9  0.295
223541.2  0.294
223644.5  0.291
223747.8  0.287
223851.1  0.283
223954.4  0.278
224057.7  0.273
224161.0  0.269
224264.3  0.266
224367.6  0.264
224470.9  0.262
224574.2  0.262
224677.5  0.262
224780.8  0.262
224884.1  0.263
224987.4  0.263
225090.7  0.263
225194.0  0.263
225297.3  0.264
225400.6  0.266
225503.9  0.268
225607.2  0.272
225710.5  0.275
225813.8  0.2799
225917.1  0.2849
226020.4  0.2879
226123.7  0.2909
226227.0  0.2929
226330.3  0.2919
226433.6  0.2909
226536.9  0.2889
226640.2  0.2859
226743.5  0.2839
226846.8  0.2819
226950.1  0.2799
227053.4  0.2789
227156.7  0.2779
227260.0  0.2769
227363.3  0.2769
227466.6  0.2759
227569.9  0.2749
227673.2  0.2729
227776.5  0.2719
227879.8  0.2699
227983.1  0.2679
228086.4  0.267
228189.7  0.266
228293.0  0.265
228396.3  0.265
228499.6  0.264
228602.9  0.264
228706.2  0.263
228809.5  0.261
228912.8  0.26
229016.1  0.258
229119.4  0.256
229222.7  0.255
229326.0  0.253
229429.3  0.252
229532.6  0.252
229635.9  0.252
229739.2  0.252
229842.5  0.252
229945.8  0.251
230049.1  0.25
230152.4  0.249
230255.7  0.247
230359.0  0.245
230462.3  0.243
230565.6  0.24
230668.9  0.239
230772.2  0.237
230875.5  0.236
230978.8  0.236
231082.1  0.235
231185.4  0.234
231288.7  0.233
231392.0  0.231
231495.3  0.229
231598.6  0.226
231701.9  0.222
231805.2  0.218
231908.5  0.214
232011.8  0.21
232115.1  0.207
232218.4  0.205
232321.7  0.203
232425.0  0.202
232528.3  0.202
232631.6  0.201
232734.9  0.2
232838.2  0.199
232941.5  0.198
233044.8  0.196
233148.1  0.195
233251.4  0.194
233354.7  0.193
233458.0  0.193
233561.3  0.193
233664.6  0.195
233767.9  0.196
233871.2  0.198
233974.5  0.199
234077.8  0.201
234181.1  0.201
234284.4  0.201
234387.7  0.201
234491.0  0.2
234594.3  0.199
234697.6  0.199
234800.9  0.199
234904.2  0.199
235007.5  0.2
235110.8  0.201
235214.1  0.202
235317.4  0.203
235420.7  0.203
235524.0  0.202
235627.3  0.202
235730.6  0.2
235833.9  0.198
235937.2  0.195
236040.5  0.193
236143.8  0.191
236247.1  0.19
236350.4  0.189
236453.7  0.189
236557.0  0.189
236660.3  0.19
236763.6  0.19
236866.9  0.191
236970.2  0.192
237073.5  0.1919
237176.8  0.1919
237280.1  0.1919
237383.4  0.1929
237486.7  0.1929
237590.0  0.1949
237693.3  0.1959
237796.6  0.1979
237899.9  0.1999
238003.2  0.2019
238106.5  0.2029
238209.8  0.2039
238313.1  0.2039
238416.4  0.2029
238519.7  0.2029
238623.0  0.2019
238726.3  0.1999
238829.6  0.1989
238932.9  0.1979
239036.2  0.197
239139.5  0.196
239242.8  0.196
239346.1  0.195
239449.4  0.193
239552.7  0.192
239656.0  0.19
239759.3  0.187
239862.6  0.185
239965.9  0.181
240069.2  0.177
240172.5  0.174
240275.8  0.17
240379.1  0.167
240482.4  0.164
240585.7  0.162
240689.0  0.16
240792.3  0.159
240895.6  0.157
240998.9  0.155
241102.2  0.154
241205.5  0.152
241308.8  0.15
241412.1  0.148
241515.4  0.146
241618.7  0.144
241722.0  0.142
241825.3  0.141
241928.6  0.14
242031.9  0.139
242135.2  0.138
242238.5  0.138
242341.8  0.137
242445.1  0.136
242548.4  0.135
242651.7  0.133
242755.0  0.131
242858.3  0.129
242961.6  0.127
243064.9  0.124
243168.2  0.122
243271.5  0.121
243374.8  0.119
243478.1  0.118
243581.4  0.118
243684.7  0.117
243788.0  0.117
243891.3  0.118
243994.6  0.118
244097.9  0.118
244201.2  0.118
244304.5  0.118
244407.8  0.118
244511.1  0.118
244614.4  0.118
244717.7  0.118
244821.0  0.119
244924.3  0.119
245027.6  0.12
245130.9  0.121
245234.2  0.122
245337.5  0.122
245440.8  0.122
245544.1  0.122
245647.4  0.122
245750.7  0.121
245854.0  0.121
245957.3  0.12
246060.6  0.12
246163.9  0.119
246267.2  0.119
246370.5  0.12
246473.8  0.12
246577.1  0.121
246680.4  0.123
246783.7  0.124
246887.0  0.126
246990.3  0.127
247093.6  0.128
247196.9  0.129
247300.2  0.13
247403.5  0.131
247506.8  0.132
247610.1  0.132
247713.4  0.133
247816.7  0.134
247920.0  0.135
248023.3  0.136
248126.6  0.138
248229.9  0.139
248333.2  0.141
248436.5  0.143
248539.8  0.144
248643.1  0.145
248746.4  0.145
248849.7  0.146
248953.0  0.146
249056.3  0.146
249159.6  0.146
249262.9  0.146
249366.2  0.146
249469.5  0.146
249572.8  0.147
249676.1  0.148
249779.4  0.149
249882.7  0.15
249986.0  0.151
250089.3  0.151
250192.6  0.151
250295.9  0.151
250399.2  0.15
250502.5  0.15
250605.8  0.149
250709.1  0.148
250812.4  0.147
250915.7  0.147
251019.0  0.146
251122.3  0.146
251225.6  0.147
251328.9  0.148
251432.2  0.148
251535.5  0.149
251638.8  0.149
251742.1  0.15
251845.4  0.15
251948.7  0.15
252052.0  0.15
252155.3  0.149
252258.6  0.149
252361.9  0.148
252465.2  0.148
252568.5  0.148
252671.8  0.147
252775.1  0.147
252878.4  0.147
252981.7  0.146
253085.0  0.146
253188.3  0.145
253291.6  0.144
253394.9  0.1421
253498.2  0.1411
253601.5  0.1391
253704.8  0.1371
253808.1  0.1351
253911.4  0.1331
254014.7  0.1311
254118.0  0.1291
254221.3  0.1281
254324.6  0.1271
254427.9  0.1261
254531.2  0.1261
254634.5  0.1261
254737.8  0.1251
254841.1  0.1251
254944.4  0.1251
255047.7  0.1241
255151.0  0.1231
255254.3  0.1231
255357.6  0.1221
255460.9  0.1201
255564.2  0.1191
255667.5  0.1181
255770.8  0.1171
255874.1  0.1171
255977.4  0.1161
256080.7  0.1161
256184.0  0.1161
256287.3  0.1161
256390.6  0.1161
256493.9  0.1151
256597.2  0.1151
256700.5  0.1141
256803.8  0.1131
256907.1  0.1121
257010.4  0.1101
257113.7  0.1091
257217.0  0.1081
257320.3  0.1071
257423.6  0.1061
257526.9  0.1051
257630.2  0.1051
257733.5  0.1041
257836.8  0.1031
257940.1  0.1031
258043.4  0.1021
258146.7  0.1011
258250.0  0.1
258353.3  0.09892
258456.6  0.09732
258559.9  0.09563
258663.2  0.09393
258766.5  0.09214
258869.8  0.09035
258973.1  0.08855
259076.4  0.08706
259179.7  0.08577
259283.0  0.08448
259386.3  0.08348
259489.6  0.08268
259592.9  0.08188
259696.2  0.08117
259799.5  0.08056
259902.8  0.07995
260006.1  0.07934
260109.4  0.07884
260212.7  0.07824
260316.0  0.07774
260419.3  0.07725
260522.6  0.07686
260625.9  0.07647
260729.2  0.07628
260832.5  0.07609
260935.8  0.076
261039.1  0.0761
261142.4  0.0762
261245.7  0.0762
261349.0  0.0762
261452.3  0.0762
261555.6  0.0761
261658.9  0.0756
261762.2  0.07519
261865.5  0.07459
261968.8  0.07379
262072.1  0.07298
262175.4  0.07218
262278.7  0.07138
262382.0  0.07057
262485.3  0.06987
262588.6  0.06927
262691.9  0.06867
262795.2  0.06807
262898.5  0.06747
263001.8  0.06668
263105.1  0.06598
263208.4  0.06489
263311.7  0.0636
263415.0  0.0624
263518.3  0.06091
263621.6  0.05922
263724.9  0.05763
263828.2  0.05604
263931.5  0.05465
264034.8  0.05326
264138.1  0.05206
264241.4  0.05127
264344.7  0.05057
264448.0  0.04988
264551.3  0.04938
264654.6  0.04888
264757.9  0.04839
264861.2  0.04759
264964.5  0.0466
265067.8  0.04571
265171.1  0.04442
265274.4  0.04294
265377.7  0.04136
265481.0  0.03977
265584.3  0.03808
265687.6  0.0364
265790.9  0.03481
265894.2  0.03361
265997.5  0.03231
266100.8  0.03121
266204.1  0.03073
266307.4  0.03024
266410.7  0.02976
266514.0  0.02978
266617.3  0.02981
266720.6  0.02993
266823.9  0.03015
266927.2  0.03046
267030.5  0.03088
267133.8  0.03119
267237.1  0.03168
267340.4  0.03208
267443.7  0.03257
267547.0  0.03305
267650.3  0.03353
267753.6  0.03402
267856.9  0.03431
267960.2  0.0347
268063.5  0.035
268166.8  0.0351
268270.1  0.03519
268373.4  0.0352
268476.7  0.0351
268580.0  0.03481
268683.3  0.03442
268786.6  0.03404
268889.9  0.03345
268993.2  0.03287
269096.5  0.03229
269199.8  0.03162
269303.1  0.03094
269406.4  0.03027
269509.7  0.0297
269613.0  0.02913
269716.3  0.02857
269819.6  0.02801
269922.9  0.02746
270026.2  0.02699
270129.5  0.02642
270232.8  0.02585
270336.1  0.02527
270439.4  0.02461
270542.7  0.02383
270646.0  0.02303
270749.3  0.02225
270852.6  0.02145
270955.9  0.02073
271059.2  0.02001
271162.5  0.01938
271265.8  0.01904
271369.1  0.01878
271472.4  0.01844
271575.7  0.0186
271679.0  0.01868
271782.3  0.01885
271885.6  0.01905
271988.9  0.01926
272092.2  0.01947
272195.5  0.01958
272298.8  0.01968
272402.1  0.01969
272505.4  0.0197
272608.7  0.0197
272712.0  0.01961
272815.3  0.01951
272918.6  0.01952
273021.9  0.01952
273125.2  0.01952
273228.5  0.01953
273331.8  0.01955
273435.1  0.01957
273538.4  0.01958
273641.7  0.01931
273745.0  0.01905
273848.3  0.01878
273951.6  0.01834
274054.9  0.01769
274158.2  0.01704
274261.5  0.0164
274364.8  0.01574
274468.1  0.01499
274571.4  0.01432
274674.7  0.01356
274778.0  0.01295
274881.3  0.01227
274984.6  0.0116
275087.9  0.01092
275191.2  0.01025
275294.5  0.00957
275397.8  0.008922
275501.1  0.008275
275604.4  0.00761
275707.7  0.007119
275811.0  0.007046
275914.3  0.006893
276017.6  0.006626
276120.9  0.02397
276224.2  0.02668
276327.5  0.02662
276430.8  0.0269
276534.1  0.02601
276637.4  0.02512
276740.7  0.02432
276844.0  0.02352
276947.3  0.02272
277050.6  0.02194
277153.9  0.02105
277257.2  0.02012
277360.5  0.01923
277463.8  0.01838
277567.1  0.01756
277670.4  0.0168
277773.7  0.01606
277877.0  0.01535
277980.3  0.01469
278083.6  0.01405
278186.9  0.01344
278290.2  0.01286
278393.5  0.01228
278496.8  0.01173
278600.1  0.01121
278703.4  0.0107
278806.7  0.0102
278910.0  0.009597
279013.3  0.008902
279116.6  0.008212
279219.9  0.007197
279323.2  0.004399
279426.5  0.004714
279529.8  0.005076
279633.1  0.005503
279736.4  0.005816
279839.7  0.006134
279943.0  0.006456
280046.3  0.006676
280149.6  0.006791
280252.9  0.006884
280356.2  0.006983
280459.5  0.006949
280562.8  0.006919
280666.1  0.006884
280769.4  0.006815
280872.7  0.006726
280976.0  0.006648
281079.3  0.006575
281182.6  0.006435
281285.9  0.006261
281389.2  0.006106
281492.5  0.005894
281595.8  0.005476
281699.1  0.005061
281802.4  0.004671
281905.7  0.00411
282009.0  0.003495
282112.3  0.002938
282215.6  0.002394
282318.9  0.001428
282422.2  0.0008487
282525.5  0.0005143
282628.8  0.0003977
282732.1  6.263e-05
282835.4  0.0001042
282938.7  8.78e-05
283042.0  7.378e-05
283145.3  6.233e-05
283248.6  5.235e-05
283351.9  4.419e-05
283455.2  3.732e-05
283558.5  3.132e-05
283661.8  2.633e-05
283765.1  2.214e-05
283868.4  1.861e-05
283971.7  1.562e-05
284075.0  1.315e-05
284178.3  1.105e-05
284281.6  9.278e-06
284384.9  7.795e-06
284488.2  7.077e-06
284591.5  6.625e-06
284694.8  6.192e-06
284798.1  5.796e-06
284901.4  5.401e-06
285004.7  5.06e-06
285108.0  4.737e-06
285211.3  4.432e-06
285314.6  4.146e-06
285417.9  3.878e-06
285521.2  3.628e-06
285624.5  3.378e-06
285727.8  3.159e-06
285831.1  2.953e-06
285934.4  2.763e-06
286037.7  2.577e-06
286141.0  2.404e-06
286244.3  2.249e-06
286347.6  4.774e-06
286450.9  7.185e-06
286554.2  1.73e-05
286657.5  8.755e-05
286760.8  0.000803
286864.1  0.001069
286967.4  0.001401
287070.7  0.001799
287174.0  0.002105
287277.3  0.002185
287380.6  0.002243
287483.9  0.002323
287587.2  0.002347
287690.5  0.002352
287793.8  0.002359
287897.1  0.002369
288000.4  0.002355
288103.7  0.002352
288207.0  0.002351
288310.3  0.002314
288413.6  0.002129
288516.9  0.00197
288620.2  0.001816
288723.5  0.001518
288826.8  0.001113
288930.1  0.0008091
289033.4  0.0005917
289136.7  0.0001311
289240.0  3.66e-05
289756.5  8.797e-06
290273.0  1.064e-05
290789.5  1.148e-05
291306.0  1.242e-05
291822.5  1.351e-05
292339.0  1.417e-05
292855.5  1.39e-05
293372.0  1.378e-05
293888.5  1.371e-05
294405.0  1.266e-05
294921.5  1.089e-05
